500 4990 
1 69 1
1 212 1
1 457 1
1 493 1
1 304 1
1 388 1
1 462 1
1 410 1
1 344 1
1 348 1
1 298 1
2 365 1
2 428 1
2 356 1
2 263 1
2 83 1
2 475 1
2 412 1
2 250 1
2 444 1
2 452 1
2 323 1
2 92 1
2 489 1
2 88 1
2 344 1
2 316 1
2 373 1
2 97 1
2 108 1
2 211 1
2 36 1
2 369 1
2 235 1
2 214 1
2 204 1
3 137 1
3 401 1
3 381 1
3 408 1
3 144 1
3 354 1
3 314 1
3 77 1
3 89 1
3 18 1
3 37 1
3 83 1
3 362 1
3 425 1
3 441 1
4 180 1
4 143 1
4 92 1
4 104 1
4 68 1
4 84 1
4 9 1
4 308 1
4 39 1
4 350 1
4 473 1
4 236 1
4 65 1
5 332 1
5 76 1
5 112 1
5 286 1
5 15 1
5 122 1
5 360 1
5 353 1
5 448 1
5 424 1
5 90 1
5 495 1
5 212 1
5 414 1
5 445 1
5 21 1
5 218 1
5 319 1
6 341 1
6 334 1
6 127 1
6 326 1
6 262 1
6 332 1
6 260 1
6 303 1
6 487 1
6 65 1
6 293 1
6 413 1
6 73 1
6 126 1
6 163 1
6 66 1
6 222 1
6 36 1
6 419 1
7 212 1
7 214 1
7 116 1
7 386 1
7 486 1
7 410 1
7 275 1
7 376 1
7 128 1
7 489 1
7 326 1
7 34 1
7 26 1
7 211 1
7 30 1
7 44 1
7 86 1
7 268 1
7 155 1
7 154 1
8 182 1
8 283 1
8 189 1
8 413 1
8 316 1
8 267 1
8 478 1
8 171 1
8 297 1
8 227 1
8 454 1
9 230 1
9 475 1
9 375 1
9 378 1
9 256 1
9 282 1
9 488 1
9 364 1
9 444 1
9 339 1
9 19 1
9 489 1
9 233 1
9 417 1
9 305 1
9 373 1
9 145 1
9 198 1
10 489 1
10 440 1
10 265 1
10 65 1
10 136 1
10 209 1
10 399 1
10 32 1
10 436 1
10 486 1
10 337 1
10 308 1
10 375 1
10 246 1
10 200 1
11 255 1
11 112 1
11 140 1
11 433 1
11 70 1
11 290 1
11 495 1
11 303 1
11 74 1
11 435 1
11 442 1
11 450 1
11 390 1
11 381 1
11 252 1
11 316 1
12 194 1
12 155 1
12 167 1
12 459 1
12 159 1
12 262 1
12 453 1
12 68 1
12 30 1
12 455 1
12 316 1
12 233 1
12 340 1
12 367 1
12 97 1
12 62 1
12 61 1
12 99 1
12 168 1
12 286 1
12 136 1
12 288 1
12 145 1
12 46 1
12 274 1
12 362 1
12 379 1
12 304 1
13 428 1
13 482 1
13 434 1
13 312 1
13 104 1
13 469 1
13 245 1
13 477 1
13 280 1
13 29 1
13 366 1
13 60 1
13 26 1
13 238 1
13 317 1
13 240 1
13 95 1
13 466 1
13 284 1
13 203 1
13 442 1
14 442 1
14 426 1
14 350 1
14 196 1
14 349 1
14 85 1
14 414 1
14 170 1
14 464 1
14 394 1
14 127 1
14 83 1
14 286 1
14 160 1
14 419 1
15 253 1
15 468 1
15 56 1
15 126 1
15 82 1
15 148 1
15 45 1
15 42 1
15 273 1
15 150 1
15 494 1
15 38 1
15 146 1
15 70 1
15 204 1
15 252 1
15 328 1
16 108 1
16 292 1
16 293 1
16 253 1
16 205 1
16 153 1
16 168 1
16 390 1
16 264 1
16 413 1
16 218 1
16 381 1
16 361 1
16 89 1
16 221 1
16 468 1
16 51 1
16 378 1
16 374 1
16 171 1
17 79 1
17 483 1
17 100 1
17 269 1
17 474 1
17 109 1
17 259 1
17 207 1
17 469 1
17 253 1
17 265 1
17 297 1
17 388 1
17 283 1
17 268 1
17 32 1
17 366 1
18 387 1
18 432 1
18 390 1
18 251 1
18 274 1
18 29 1
18 37 1
18 267 1
18 127 1
18 48 1
18 307 1
18 241 1
18 242 1
18 150 1
18 449 1
18 500 1
18 336 1
18 427 1
18 409 1
18 377 1
18 281 1
18 463 1
18 368 1
19 303 1
19 337 1
19 342 1
19 87 1
19 47 1
19 440 1
19 295 1
19 332 1
19 333 1
19 400 1
19 253 1
19 179 1
19 126 1
19 429 1
19 102 1
19 302 1
19 23 1
19 139 1
20 154 1
20 348 1
20 483 1
20 126 1
20 420 1
20 92 1
20 63 1
20 86 1
20 37 1
20 85 1
20 29 1
20 254 1
20 45 1
20 274 1
20 52 1
20 199 1
20 130 1
20 161 1
21 159 1
21 248 1
21 385 1
21 393 1
21 234 1
21 150 1
21 197 1
21 400 1
21 47 1
21 268 1
21 76 1
21 145 1
21 339 1
21 225 1
21 273 1
21 418 1
21 30 1
21 347 1
21 420 1
21 180 1
21 303 1
21 112 1
22 367 1
22 81 1
22 85 1
22 64 1
22 475 1
22 163 1
22 126 1
22 489 1
22 218 1
22 125 1
22 470 1
22 337 1
22 355 1
22 216 1
22 53 1
22 233 1
22 384 1
22 155 1
22 313 1
22 201 1
22 398 1
23 397 1
23 411 1
23 58 1
23 236 1
23 124 1
23 81 1
23 211 1
23 79 1
23 440 1
23 462 1
23 284 1
23 493 1
23 101 1
23 483 1
23 422 1
23 447 1
23 429 1
23 88 1
23 87 1
23 115 1
23 269 1
23 438 1
23 326 1
23 256 1
23 72 1
23 408 1
23 159 1
23 157 1
24 245 1
24 394 1
24 72 1
24 160 1
24 244 1
24 249 1
24 355 1
24 150 1
24 77 1
24 35 1
24 472 1
24 44 1
24 436 1
24 177 1
24 460 1
24 179 1
24 226 1
24 480 1
24 125 1
24 372 1
24 484 1
25 181 1
25 396 1
25 253 1
25 327 1
25 219 1
25 353 1
25 52 1
25 363 1
25 324 1
25 63 1
25 127 1
25 64 1
25 258 1
25 480 1
25 47 1
25 374 1
25 345 1
25 191 1
26 53 1
26 286 1
26 493 1
26 261 1
26 290 1
26 232 1
26 329 1
26 404 1
26 124 1
26 314 1
26 498 1
26 401 1
26 495 1
26 59 1
26 238 1
26 379 1
26 202 1
26 86 1
26 96 1
26 251 1
26 356 1
26 125 1
26 56 1
26 342 1
27 86 1
27 258 1
27 303 1
27 122 1
27 126 1
27 39 1
27 493 1
27 467 1
27 204 1
27 305 1
27 197 1
27 182 1
27 321 1
27 146 1
27 113 1
27 172 1
27 492 1
27 232 1
27 290 1
28 319 1
28 500 1
28 318 1
28 55 1
28 148 1
28 147 1
28 186 1
28 415 1
28 379 1
28 279 1
28 469 1
28 37 1
28 369 1
29 298 1
29 316 1
29 257 1
29 74 1
29 156 1
29 473 1
29 445 1
29 184 1
29 188 1
29 160 1
29 287 1
29 68 1
29 207 1
29 353 1
29 76 1
29 374 1
29 197 1
29 141 1
29 102 1
29 425 1
30 363 1
30 463 1
30 339 1
30 296 1
30 55 1
30 116 1
30 221 1
30 362 1
30 398 1
30 137 1
30 366 1
30 161 1
30 388 1
31 240 1
31 89 1
31 216 1
31 335 1
31 208 1
31 271 1
31 332 1
31 336 1
31 187 1
31 173 1
31 159 1
31 91 1
31 242 1
31 307 1
31 449 1
32 256 1
32 197 1
32 119 1
32 341 1
32 35 1
32 298 1
32 307 1
32 135 1
32 145 1
32 453 1
32 161 1
32 306 1
32 343 1
32 299 1
32 184 1
32 52 1
32 139 1
32 217 1
32 126 1
32 411 1
32 358 1
33 321 1
33 415 1
33 144 1
33 154 1
33 114 1
33 118 1
33 260 1
33 229 1
33 384 1
33 217 1
33 242 1
33 222 1
33 282 1
33 203 1
33 207 1
33 332 1
33 369 1
33 246 1
33 297 1
33 73 1
34 476 1
34 292 1
34 469 1
34 233 1
34 322 1
34 346 1
34 139 1
34 92 1
34 45 1
34 136 1
34 498 1
34 167 1
34 127 1
34 395 1
34 185 1
34 353 1
34 280 1
34 283 1
34 399 1
34 91 1
34 160 1
34 445 1
34 253 1
34 60 1
34 213 1
35 226 1
35 135 1
35 378 1
35 174 1
35 450 1
35 131 1
35 248 1
35 376 1
35 444 1
35 136 1
35 219 1
35 301 1
35 474 1
35 242 1
35 101 1
35 440 1
35 126 1
35 263 1
35 377 1
35 317 1
36 205 1
36 487 1
36 146 1
36 237 1
36 330 1
36 212 1
36 447 1
36 221 1
36 280 1
36 94 1
36 485 1
36 132 1
36 40 1
36 318 1
36 50 1
36 201 1
37 70 1
37 488 1
37 173 1
37 414 1
37 463 1
37 122 1
37 113 1
37 64 1
37 40 1
37 131 1
37 294 1
37 444 1
37 185 1
37 252 1
37 201 1
37 420 1
37 477 1
37 211 1
37 202 1
37 457 1
38 296 1
38 55 1
38 287 1
38 445 1
38 59 1
38 347 1
38 302 1
38 316 1
38 206 1
38 286 1
38 389 1
38 54 1
38 489 1
38 361 1
38 185 1
38 228 1
38 173 1
38 313 1
38 407 1
38 207 1
38 56 1
38 88 1
38 454 1
38 130 1
38 410 1
38 325 1
38 188 1
38 248 1
39 119 1
39 265 1
39 393 1
39 228 1
39 158 1
39 122 1
39 357 1
39 186 1
39 239 1
39 263 1
39 273 1
39 183 1
39 387 1
39 175 1
39 73 1
39 425 1
39 111 1
39 279 1
40 224 1
40 145 1
40 362 1
40 262 1
40 429 1
40 56 1
40 209 1
40 370 1
40 59 1
40 256 1
40 292 1
40 397 1
40 356 1
40 468 1
40 287 1
40 89 1
41 269 1
41 437 1
41 195 1
41 198 1
41 448 1
41 326 1
41 396 1
41 281 1
41 117 1
41 163 1
41 43 1
41 149 1
41 493 1
41 327 1
41 371 1
41 314 1
41 459 1
41 401 1
41 310 1
41 340 1
41 143 1
41 353 1
41 291 1
41 289 1
41 447 1
41 101 1
41 54 1
42 63 1
42 434 1
42 372 1
42 451 1
42 374 1
42 396 1
42 51 1
42 420 1
42 168 1
42 101 1
42 424 1
42 448 1
42 205 1
42 251 1
43 220 1
43 474 1
43 94 1
43 381 1
43 201 1
43 58 1
43 437 1
43 200 1
43 254 1
43 212 1
43 379 1
43 350 1
43 418 1
43 233 1
43 416 1
43 262 1
43 180 1
43 341 1
43 49 1
44 258 1
44 224 1
44 417 1
44 386 1
44 273 1
44 374 1
44 439 1
44 459 1
44 83 1
44 338 1
44 446 1
44 167 1
44 56 1
44 86 1
44 129 1
44 334 1
44 249 1
44 87 1
44 236 1
44 203 1
44 54 1
45 237 1
45 486 1
45 352 1
45 110 1
45 340 1
45 239 1
45 263 1
45 212 1
45 455 1
45 140 1
45 151 1
45 308 1
45 366 1
45 431 1
45 444 1
45 381 1
45 456 1
45 384 1
46 371 1
46 202 1
46 454 1
46 117 1
46 142 1
46 165 1
46 483 1
46 154 1
46 427 1
46 281 1
46 97 1
47 497 1
47 287 1
47 215 1
47 386 1
47 384 1
47 264 1
47 435 1
47 233 1
47 483 1
47 175 1
47 184 1
47 206 1
47 137 1
47 375 1
47 312 1
47 377 1
47 139 1
47 134 1
47 166 1
47 392 1
47 301 1
47 146 1
47 356 1
47 239 1
48 179 1
48 329 1
48 424 1
48 290 1
48 231 1
48 162 1
48 138 1
48 322 1
48 359 1
48 315 1
48 496 1
48 382 1
48 102 1
48 121 1
48 462 1
48 269 1
48 328 1
48 408 1
48 198 1
48 97 1
49 451 1
49 64 1
49 252 1
49 370 1
49 386 1
49 123 1
49 423 1
49 148 1
49 83 1
49 347 1
49 363 1
49 226 1
49 191 1
49 293 1
49 146 1
49 483 1
49 172 1
49 304 1
50 271 1
50 268 1
50 69 1
50 194 1
50 396 1
50 200 1
50 414 1
50 241 1
50 275 1
50 451 1
50 354 1
50 402 1
50 174 1
50 219 1
50 283 1
50 462 1
50 112 1
50 126 1
51 125 1
51 496 1
51 203 1
51 238 1
51 364 1
51 284 1
51 345 1
51 159 1
51 200 1
51 218 1
51 174 1
51 417 1
51 367 1
51 400 1
51 126 1
51 370 1
51 250 1
52 446 1
52 415 1
52 309 1
52 400 1
52 308 1
52 160 1
52 75 1
52 385 1
52 425 1
52 187 1
52 88 1
52 493 1
52 351 1
52 431 1
52 76 1
52 106 1
52 406 1
53 275 1
53 122 1
53 405 1
53 348 1
53 309 1
53 116 1
53 373 1
53 260 1
53 273 1
53 97 1
53 451 1
53 304 1
53 162 1
53 306 1
53 63 1
53 193 1
53 201 1
53 284 1
53 471 1
53 484 1
54 241 1
54 105 1
54 446 1
54 355 1
54 303 1
54 437 1
54 401 1
54 96 1
54 439 1
54 440 1
54 225 1
54 77 1
54 58 1
54 476 1
54 80 1
54 243 1
55 89 1
55 244 1
55 101 1
55 259 1
55 375 1
55 188 1
55 320 1
55 203 1
55 319 1
55 207 1
55 339 1
55 424 1
55 158 1
55 458 1
55 217 1
55 353 1
55 352 1
55 267 1
55 407 1
55 405 1
56 401 1
56 203 1
56 184 1
56 162 1
56 402 1
56 187 1
56 151 1
56 431 1
56 445 1
56 340 1
56 137 1
56 305 1
56 179 1
56 275 1
56 273 1
56 455 1
56 97 1
56 324 1
56 442 1
56 486 1
56 164 1
57 342 1
57 128 1
57 289 1
57 375 1
57 101 1
57 324 1
57 340 1
57 113 1
57 321 1
57 68 1
57 152 1
57 127 1
57 168 1
57 303 1
57 338 1
57 193 1
58 331 1
58 167 1
58 172 1
58 332 1
58 78 1
58 451 1
58 122 1
58 437 1
58 160 1
58 80 1
58 410 1
58 214 1
58 248 1
58 251 1
58 219 1
59 497 1
59 422 1
59 137 1
59 352 1
59 283 1
59 88 1
59 342 1
59 98 1
59 442 1
59 445 1
59 487 1
59 430 1
59 270 1
59 159 1
59 182 1
59 252 1
59 75 1
59 409 1
59 237 1
59 322 1
59 361 1
59 385 1
60 169 1
60 390 1
60 446 1
60 302 1
60 477 1
60 372 1
60 376 1
60 115 1
60 420 1
60 436 1
60 367 1
61 400 1
61 243 1
61 108 1
61 391 1
61 335 1
61 345 1
61 195 1
61 85 1
61 261 1
61 338 1
61 381 1
61 131 1
61 325 1
61 255 1
61 260 1
61 493 1
61 302 1
61 82 1
61 299 1
61 382 1
61 445 1
61 429 1
61 438 1
61 208 1
62 461 1
62 459 1
62 90 1
62 74 1
62 119 1
62 133 1
62 485 1
62 257 1
62 372 1
62 482 1
62 173 1
62 110 1
62 392 1
62 111 1
62 381 1
62 106 1
62 148 1
62 332 1
62 456 1
62 229 1
63 87 1
63 139 1
63 204 1
63 318 1
63 214 1
63 426 1
63 196 1
63 292 1
63 315 1
63 77 1
63 158 1
63 320 1
63 429 1
63 290 1
63 409 1
63 239 1
64 323 1
64 343 1
64 146 1
64 80 1
64 247 1
64 399 1
64 349 1
64 476 1
64 459 1
64 381 1
64 229 1
64 98 1
64 131 1
64 209 1
64 284 1
64 458 1
64 403 1
64 444 1
64 456 1
64 89 1
64 178 1
65 432 1
65 80 1
65 189 1
65 302 1
65 445 1
65 318 1
65 438 1
65 358 1
65 83 1
65 465 1
65 372 1
65 104 1
65 150 1
65 332 1
65 491 1
66 195 1
66 106 1
66 214 1
66 120 1
66 221 1
66 197 1
66 121 1
66 330 1
66 91 1
66 465 1
66 346 1
66 286 1
66 280 1
66 322 1
66 258 1
66 426 1
66 445 1
66 467 1
66 453 1
66 343 1
66 433 1
66 210 1
67 291 1
67 182 1
67 443 1
67 117 1
67 195 1
67 318 1
67 428 1
67 207 1
67 187 1
67 311 1
67 246 1
67 385 1
67 357 1
67 299 1
67 157 1
67 287 1
67 349 1
67 332 1
67 107 1
68 345 1
68 174 1
68 141 1
68 242 1
68 247 1
68 463 1
68 195 1
68 150 1
68 120 1
68 244 1
68 484 1
68 323 1
68 218 1
68 456 1
68 312 1
68 408 1
68 123 1
68 425 1
68 203 1
68 75 1
68 432 1
68 249 1
69 350 1
69 263 1
69 395 1
69 315 1
69 376 1
69 98 1
69 266 1
69 409 1
69 493 1
69 437 1
69 443 1
69 379 1
70 453 1
70 465 1
70 418 1
70 74 1
70 423 1
70 106 1
70 310 1
70 365 1
70 443 1
70 336 1
70 363 1
70 84 1
70 131 1
70 292 1
70 338 1
70 334 1
70 384 1
70 248 1
70 164 1
70 317 1
70 358 1
70 474 1
70 208 1
70 430 1
70 500 1
71 489 1
71 94 1
71 138 1
71 102 1
71 181 1
71 339 1
71 400 1
71 382 1
71 272 1
71 324 1
71 257 1
71 162 1
71 388 1
71 412 1
71 244 1
71 331 1
71 334 1
71 267 1
71 297 1
71 268 1
71 201 1
71 444 1
72 321 1
72 327 1
72 203 1
72 170 1
72 304 1
72 96 1
72 451 1
72 314 1
72 119 1
72 305 1
72 331 1
72 260 1
73 306 1
73 355 1
73 205 1
73 284 1
73 461 1
73 449 1
73 270 1
73 338 1
73 249 1
73 412 1
73 316 1
73 141 1
73 194 1
73 272 1
73 243 1
73 166 1
73 133 1
74 452 1
74 481 1
74 482 1
74 254 1
74 117 1
74 301 1
74 204 1
74 355 1
74 296 1
74 471 1
74 478 1
74 433 1
74 277 1
74 228 1
74 495 1
74 374 1
74 432 1
74 291 1
74 107 1
74 193 1
74 310 1
74 334 1
74 248 1
74 297 1
74 114 1
74 351 1
74 137 1
75 289 1
75 440 1
75 151 1
75 133 1
75 380 1
75 120 1
75 164 1
75 418 1
75 307 1
75 456 1
76 291 1
76 365 1
76 377 1
76 83 1
76 342 1
76 149 1
76 390 1
76 202 1
76 116 1
76 370 1
76 95 1
76 489 1
76 380 1
76 180 1
76 378 1
76 147 1
76 488 1
76 90 1
76 362 1
77 126 1
77 431 1
77 260 1
77 108 1
77 298 1
77 406 1
77 496 1
77 394 1
77 367 1
77 193 1
77 437 1
77 330 1
77 264 1
77 262 1
77 285 1
77 349 1
77 333 1
77 113 1
77 415 1
77 103 1
78 356 1
78 89 1
78 284 1
78 357 1
78 336 1
78 349 1
78 355 1
78 112 1
78 176 1
78 96 1
78 148 1
78 407 1
78 377 1
78 289 1
78 370 1
78 183 1
78 436 1
78 394 1
78 101 1
78 172 1
78 312 1
78 467 1
78 274 1
78 135 1
78 256 1
78 458 1
78 121 1
78 345 1
78 179 1
78 294 1
79 335 1
79 270 1
79 111 1
79 140 1
79 342 1
79 385 1
79 254 1
79 418 1
79 313 1
79 354 1
79 258 1
79 358 1
79 315 1
79 89 1
80 286 1
80 201 1
80 247 1
80 388 1
80 142 1
80 429 1
80 471 1
80 168 1
80 127 1
80 199 1
80 478 1
80 226 1
80 284 1
80 89 1
80 263 1
80 156 1
80 289 1
80 189 1
80 149 1
80 304 1
80 126 1
80 306 1
80 298 1
80 426 1
80 235 1
80 495 1
81 367 1
81 242 1
81 421 1
81 488 1
81 213 1
81 431 1
81 326 1
81 472 1
81 83 1
81 328 1
81 354 1
81 399 1
81 252 1
81 144 1
82 460 1
82 114 1
82 118 1
82 91 1
82 272 1
82 286 1
82 470 1
82 244 1
82 137 1
82 241 1
82 331 1
82 222 1
82 439 1
83 159 1
83 451 1
83 310 1
83 440 1
83 123 1
83 362 1
83 195 1
83 346 1
83 404 1
83 343 1
83 297 1
83 337 1
83 247 1
83 415 1
83 264 1
83 279 1
84 333 1
84 151 1
84 135 1
84 112 1
84 345 1
84 330 1
84 499 1
84 221 1
84 164 1
84 306 1
84 388 1
84 131 1
84 159 1
84 271 1
84 322 1
84 418 1
84 294 1
84 209 1
84 458 1
85 402 1
85 432 1
85 484 1
85 277 1
85 263 1
85 348 1
85 299 1
85 380 1
85 177 1
85 331 1
85 116 1
85 239 1
85 449 1
85 232 1
85 462 1
85 385 1
85 324 1
85 388 1
85 88 1
85 185 1
85 143 1
85 133 1
85 433 1
85 264 1
86 89 1
86 331 1
86 204 1
86 400 1
86 370 1
86 311 1
86 364 1
86 366 1
87 188 1
87 329 1
87 293 1
87 154 1
87 363 1
87 390 1
87 161 1
87 436 1
87 409 1
87 179 1
87 263 1
87 269 1
87 246 1
87 98 1
87 410 1
87 302 1
87 430 1
87 313 1
87 232 1
87 499 1
88 455 1
88 390 1
88 143 1
88 124 1
88 199 1
88 203 1
88 299 1
88 225 1
88 331 1
88 180 1
88 141 1
88 322 1
88 334 1
88 189 1
88 304 1
88 374 1
88 483 1
88 387 1
88 382 1
89 459 1
89 165 1
89 297 1
89 365 1
89 229 1
89 476 1
89 436 1
89 394 1
89 300 1
89 484 1
89 224 1
89 197 1
89 115 1
89 331 1
89 363 1
89 275 1
89 171 1
89 157 1
89 305 1
89 465 1
90 310 1
90 405 1
90 107 1
90 152 1
90 185 1
90 389 1
90 159 1
90 234 1
90 301 1
90 383 1
90 378 1
90 260 1
90 111 1
91 342 1
91 303 1
91 444 1
91 425 1
91 177 1
91 135 1
91 397 1
91 124 1
91 281 1
91 130 1
91 355 1
91 191 1
91 445 1
91 461 1
91 161 1
91 297 1
92 306 1
92 270 1
92 117 1
92 107 1
92 221 1
92 274 1
92 160 1
92 495 1
92 159 1
92 265 1
92 147 1
92 327 1
92 500 1
92 330 1
92 309 1
92 336 1
93 436 1
93 486 1
93 219 1
93 342 1
93 166 1
93 172 1
93 435 1
93 423 1
93 332 1
93 427 1
93 263 1
93 131 1
93 133 1
93 444 1
93 199 1
94 109 1
94 245 1
94 385 1
94 441 1
94 358 1
94 216 1
94 226 1
94 141 1
94 229 1
94 243 1
94 170 1
94 121 1
94 480 1
94 500 1
94 147 1
94 345 1
94 487 1
94 180 1
94 106 1
94 260 1
95 249 1
95 341 1
95 459 1
95 177 1
95 300 1
95 375 1
95 250 1
95 377 1
95 164 1
95 386 1
95 292 1
95 444 1
96 485 1
96 383 1
96 136 1
96 188 1
96 103 1
96 387 1
96 196 1
96 439 1
96 349 1
96 115 1
96 281 1
96 157 1
96 453 1
96 270 1
96 410 1
96 490 1
97 456 1
97 357 1
97 302 1
97 328 1
97 399 1
97 139 1
97 118 1
97 386 1
97 211 1
97 177 1
97 144 1
97 113 1
97 271 1
97 277 1
97 310 1
97 479 1
97 164 1
97 474 1
97 135 1
97 147 1
97 345 1
97 159 1
98 249 1
98 284 1
98 371 1
98 126 1
98 309 1
98 454 1
98 268 1
98 384 1
98 381 1
98 292 1
98 131 1
98 221 1
98 263 1
98 341 1
98 227 1
98 106 1
98 403 1
99 384 1
99 249 1
99 299 1
99 171 1
99 431 1
99 134 1
99 363 1
99 434 1
99 166 1
99 115 1
99 359 1
99 395 1
99 491 1
100 129 1
100 219 1
100 364 1
100 461 1
100 401 1
100 393 1
100 102 1
100 322 1
100 205 1
100 104 1
100 376 1
100 286 1
100 497 1
100 333 1
100 275 1
100 123 1
100 242 1
101 500 1
101 452 1
101 143 1
101 134 1
101 377 1
101 123 1
101 467 1
101 380 1
101 441 1
101 189 1
101 271 1
101 405 1
101 156 1
101 461 1
101 409 1
101 299 1
102 140 1
102 245 1
102 231 1
102 143 1
102 490 1
102 339 1
102 500 1
102 338 1
102 348 1
102 254 1
102 316 1
102 420 1
102 423 1
103 168 1
103 440 1
103 200 1
103 288 1
103 364 1
103 432 1
103 474 1
103 246 1
103 222 1
103 379 1
103 420 1
103 239 1
103 252 1
104 440 1
104 111 1
104 236 1
104 133 1
104 310 1
104 463 1
104 426 1
104 391 1
104 464 1
104 119 1
104 192 1
104 134 1
104 409 1
104 317 1
104 386 1
104 469 1
105 428 1
105 245 1
105 437 1
105 401 1
105 293 1
105 320 1
105 264 1
105 360 1
105 373 1
105 483 1
105 407 1
105 269 1
105 459 1
105 450 1
105 498 1
105 197 1
105 152 1
105 177 1
105 403 1
105 426 1
105 289 1
106 134 1
106 139 1
106 138 1
106 289 1
106 160 1
106 355 1
106 442 1
106 229 1
106 291 1
106 292 1
106 399 1
106 241 1
106 429 1
106 181 1
106 186 1
107 365 1
107 159 1
107 230 1
107 462 1
107 340 1
107 234 1
107 319 1
107 125 1
107 372 1
107 453 1
107 362 1
107 171 1
107 193 1
107 208 1
108 295 1
108 128 1
108 486 1
108 256 1
108 245 1
108 259 1
108 385 1
108 271 1
108 268 1
108 355 1
108 171 1
108 387 1
108 127 1
108 133 1
108 266 1
108 221 1
108 172 1
108 125 1
109 374 1
109 200 1
109 258 1
109 386 1
109 382 1
109 135 1
109 131 1
109 210 1
109 167 1
109 231 1
109 274 1
109 272 1
109 149 1
109 433 1
109 487 1
110 336 1
110 239 1
110 263 1
110 362 1
110 493 1
110 413 1
110 209 1
110 318 1
110 472 1
110 361 1
111 491 1
111 293 1
111 257 1
111 446 1
111 123 1
111 339 1
111 427 1
111 222 1
111 352 1
111 303 1
111 124 1
111 430 1
111 117 1
111 338 1
111 359 1
111 493 1
112 308 1
112 248 1
112 271 1
112 432 1
112 321 1
112 210 1
112 136 1
112 329 1
112 159 1
112 306 1
112 318 1
112 412 1
112 289 1
113 351 1
113 408 1
113 187 1
113 224 1
113 368 1
113 496 1
113 403 1
113 251 1
113 454 1
113 470 1
113 264 1
113 198 1
113 277 1
113 371 1
114 472 1
114 353 1
114 116 1
114 175 1
114 303 1
114 179 1
114 198 1
114 455 1
114 413 1
114 197 1
114 264 1
114 155 1
114 176 1
115 118 1
115 309 1
115 267 1
115 436 1
115 430 1
115 289 1
115 489 1
115 358 1
115 274 1
115 194 1
115 314 1
115 181 1
115 425 1
115 464 1
115 285 1
115 214 1
115 172 1
115 152 1
115 434 1
115 163 1
116 475 1
116 416 1
116 216 1
116 388 1
116 345 1
116 427 1
116 211 1
116 406 1
116 310 1
116 187 1
116 117 1
116 439 1
116 255 1
116 419 1
116 362 1
116 331 1
116 242 1
117 489 1
117 140 1
117 347 1
117 184 1
117 273 1
117 147 1
117 235 1
117 178 1
117 429 1
117 149 1
117 208 1
117 355 1
117 266 1
117 305 1
117 176 1
118 201 1
118 235 1
118 351 1
118 463 1
118 319 1
118 247 1
118 486 1
118 316 1
118 220 1
118 139 1
118 170 1
118 286 1
118 183 1
118 450 1
118 190 1
118 298 1
118 126 1
119 383 1
119 482 1
119 166 1
119 237 1
119 493 1
119 244 1
119 175 1
119 437 1
119 271 1
119 422 1
119 219 1
119 473 1
119 378 1
119 160 1
119 122 1
119 146 1
120 329 1
120 366 1
120 128 1
120 349 1
120 300 1
120 186 1
120 172 1
120 373 1
120 419 1
120 364 1
120 134 1
120 299 1
121 334 1
121 446 1
121 157 1
121 211 1
121 277 1
121 231 1
121 199 1
121 442 1
121 350 1
121 132 1
121 434 1
121 458 1
121 269 1
121 339 1
121 429 1
122 185 1
122 354 1
122 441 1
122 376 1
122 161 1
122 477 1
122 320 1
122 400 1
122 226 1
122 433 1
122 130 1
122 238 1
122 473 1
122 249 1
122 149 1
123 276 1
123 457 1
123 404 1
123 201 1
123 170 1
123 298 1
123 168 1
123 484 1
123 463 1
123 161 1
123 348 1
123 318 1
123 303 1
123 382 1
123 428 1
123 419 1
124 382 1
124 432 1
124 328 1
124 429 1
124 408 1
124 444 1
124 169 1
124 161 1
124 473 1
124 323 1
124 365 1
125 325 1
125 286 1
125 413 1
125 482 1
125 201 1
125 347 1
125 139 1
125 442 1
125 261 1
125 175 1
125 448 1
125 161 1
125 469 1
125 239 1
125 456 1
125 351 1
126 256 1
126 362 1
126 230 1
126 210 1
126 381 1
126 140 1
126 267 1
126 341 1
126 225 1
126 376 1
126 224 1
126 383 1
126 266 1
126 355 1
126 240 1
126 493 1
126 207 1
126 183 1
126 424 1
127 336 1
127 351 1
127 274 1
127 149 1
127 496 1
127 311 1
127 234 1
127 420 1
127 344 1
127 418 1
127 176 1
127 459 1
127 208 1
127 362 1
127 388 1
128 147 1
128 481 1
128 371 1
128 130 1
128 417 1
128 410 1
128 342 1
128 178 1
129 438 1
129 376 1
129 398 1
129 278 1
129 316 1
129 135 1
129 388 1
129 468 1
129 420 1
129 302 1
129 222 1
129 435 1
129 480 1
129 141 1
129 483 1
129 206 1
130 348 1
130 363 1
130 433 1
130 482 1
130 412 1
130 317 1
130 231 1
130 372 1
130 384 1
130 385 1
130 207 1
130 463 1
130 382 1
130 268 1
130 431 1
130 298 1
131 286 1
131 452 1
131 402 1
131 456 1
131 241 1
131 186 1
131 454 1
131 245 1
131 424 1
131 472 1
131 219 1
131 257 1
131 490 1
131 309 1
132 362 1
132 401 1
132 285 1
132 164 1
132 353 1
132 223 1
132 395 1
132 158 1
132 317 1
132 303 1
132 355 1
132 216 1
132 277 1
132 204 1
132 373 1
133 471 1
133 255 1
133 138 1
133 400 1
133 156 1
133 209 1
133 312 1
133 282 1
133 158 1
133 145 1
133 167 1
134 177 1
134 256 1
134 418 1
134 484 1
134 188 1
134 369 1
134 500 1
134 181 1
134 279 1
134 203 1
134 248 1
134 495 1
135 412 1
135 308 1
135 293 1
135 298 1
135 194 1
135 173 1
135 353 1
135 340 1
135 255 1
135 394 1
135 363 1
136 185 1
136 389 1
136 160 1
136 360 1
136 467 1
136 372 1
136 331 1
136 407 1
136 475 1
136 403 1
136 177 1
136 206 1
136 263 1
136 358 1
136 497 1
136 442 1
136 236 1
137 270 1
137 223 1
137 156 1
137 362 1
137 285 1
137 319 1
137 305 1
137 350 1
137 256 1
138 316 1
138 458 1
138 288 1
138 436 1
138 348 1
138 455 1
138 478 1
138 215 1
138 480 1
139 461 1
139 178 1
139 204 1
139 224 1
139 318 1
139 480 1
139 314 1
139 481 1
139 383 1
139 307 1
139 173 1
139 489 1
139 371 1
139 157 1
140 430 1
140 223 1
140 265 1
140 313 1
140 495 1
140 376 1
140 291 1
140 149 1
140 314 1
140 182 1
140 246 1
140 439 1
140 145 1
140 351 1
141 252 1
141 194 1
141 218 1
141 298 1
141 405 1
141 255 1
141 152 1
141 316 1
141 411 1
141 169 1
141 291 1
141 277 1
142 245 1
142 160 1
142 444 1
142 298 1
142 190 1
142 446 1
142 409 1
142 478 1
142 252 1
142 242 1
142 372 1
142 333 1
142 404 1
142 197 1
142 241 1
142 374 1
142 361 1
143 384 1
143 390 1
143 224 1
143 351 1
143 218 1
143 235 1
143 465 1
143 280 1
143 176 1
143 234 1
143 153 1
143 221 1
143 159 1
143 158 1
143 435 1
143 336 1
143 265 1
143 367 1
144 262 1
144 367 1
144 224 1
144 343 1
144 204 1
144 318 1
144 389 1
144 323 1
144 173 1
144 299 1
144 201 1
144 260 1
144 156 1
144 358 1
144 468 1
144 498 1
144 216 1
145 424 1
145 331 1
145 236 1
145 372 1
145 296 1
145 146 1
145 223 1
145 165 1
145 312 1
145 234 1
145 485 1
145 225 1
145 254 1
145 299 1
145 345 1
145 438 1
146 215 1
146 475 1
146 233 1
146 359 1
146 354 1
146 315 1
146 308 1
146 435 1
146 372 1
146 195 1
146 159 1
146 173 1
146 197 1
146 474 1
146 298 1
146 468 1
146 449 1
147 317 1
147 167 1
147 204 1
147 500 1
147 495 1
147 425 1
147 498 1
147 402 1
147 218 1
147 367 1
147 472 1
147 200 1
147 285 1
148 476 1
148 149 1
148 472 1
148 241 1
148 469 1
148 309 1
148 214 1
148 161 1
148 287 1
148 447 1
148 275 1
148 434 1
148 199 1
148 323 1
148 417 1
148 326 1
148 163 1
148 263 1
148 288 1
148 459 1
148 399 1
148 330 1
149 492 1
149 313 1
149 196 1
149 280 1
149 338 1
149 152 1
149 169 1
149 162 1
149 417 1
149 155 1
149 446 1
149 311 1
149 299 1
149 419 1
149 257 1
150 259 1
150 365 1
150 316 1
150 254 1
150 200 1
150 440 1
150 476 1
150 248 1
150 317 1
150 410 1
150 192 1
151 455 1
151 174 1
151 403 1
151 305 1
151 217 1
151 218 1
151 227 1
151 169 1
151 456 1
151 202 1
151 246 1
152 235 1
152 449 1
152 451 1
152 408 1
152 497 1
152 414 1
152 311 1
152 265 1
152 500 1
152 494 1
152 258 1
152 193 1
152 286 1
152 243 1
152 387 1
152 280 1
152 227 1
153 179 1
153 365 1
153 229 1
153 221 1
153 442 1
153 499 1
153 366 1
153 173 1
153 192 1
153 325 1
153 374 1
153 216 1
153 475 1
153 385 1
153 470 1
153 202 1
153 345 1
153 293 1
153 172 1
153 239 1
153 245 1
153 194 1
153 236 1
154 222 1
154 433 1
154 358 1
154 482 1
154 467 1
155 355 1
155 305 1
155 244 1
155 390 1
155 347 1
155 494 1
155 255 1
155 472 1
155 374 1
155 308 1
155 229 1
155 281 1
155 199 1
155 454 1
155 421 1
156 435 1
156 383 1
156 499 1
156 321 1
156 389 1
156 235 1
156 301 1
156 367 1
156 230 1
156 240 1
156 212 1
156 352 1
156 160 1
156 443 1
157 307 1
157 315 1
157 354 1
157 401 1
157 283 1
157 199 1
157 207 1
157 208 1
157 286 1
157 415 1
157 332 1
157 440 1
157 189 1
157 234 1
157 217 1
158 392 1
158 282 1
158 386 1
158 368 1
158 389 1
158 488 1
158 194 1
158 429 1
158 209 1
158 172 1
158 430 1
159 482 1
159 491 1
159 436 1
159 413 1
159 316 1
159 454 1
159 224 1
159 287 1
159 334 1
159 331 1
159 500 1
159 349 1
159 327 1
159 481 1
159 421 1
159 468 1
160 376 1
160 242 1
160 299 1
160 194 1
160 260 1
160 227 1
161 457 1
161 384 1
161 235 1
161 430 1
161 404 1
161 392 1
161 230 1
161 182 1
161 211 1
161 454 1
161 287 1
161 311 1
161 440 1
161 420 1
161 168 1
162 318 1
162 342 1
162 196 1
162 423 1
162 225 1
162 309 1
162 359 1
162 486 1
162 387 1
162 493 1
162 220 1
162 422 1
162 401 1
162 324 1
162 398 1
163 283 1
163 236 1
163 346 1
163 385 1
163 214 1
163 307 1
163 273 1
163 398 1
164 195 1
164 299 1
164 415 1
164 241 1
164 306 1
164 331 1
164 492 1
164 263 1
164 175 1
164 485 1
164 300 1
164 229 1
164 318 1
164 489 1
164 474 1
164 266 1
164 276 1
164 445 1
164 295 1
164 476 1
165 219 1
165 222 1
165 288 1
165 275 1
165 186 1
165 333 1
165 347 1
165 461 1
165 381 1
165 244 1
166 216 1
166 486 1
166 190 1
166 169 1
166 182 1
166 229 1
166 418 1
166 455 1
166 446 1
166 387 1
166 437 1
166 219 1
166 225 1
166 342 1
166 325 1
166 478 1
166 192 1
167 413 1
167 482 1
167 389 1
167 394 1
167 171 1
167 309 1
167 347 1
167 479 1
167 318 1
167 356 1
167 213 1
167 280 1
167 227 1
167 339 1
168 246 1
168 371 1
168 439 1
168 311 1
168 387 1
168 344 1
168 468 1
168 432 1
168 386 1
168 389 1
168 460 1
168 305 1
168 496 1
168 368 1
168 375 1
168 244 1
169 407 1
169 341 1
169 325 1
169 381 1
169 439 1
169 338 1
169 398 1
169 339 1
169 363 1
169 183 1
169 214 1
169 450 1
170 444 1
170 187 1
170 360 1
170 224 1
170 329 1
170 365 1
170 471 1
170 306 1
170 275 1
170 495 1
170 497 1
170 244 1
170 376 1
170 373 1
170 215 1
170 263 1
171 360 1
171 430 1
171 361 1
171 393 1
171 267 1
171 186 1
172 211 1
172 453 1
172 215 1
172 494 1
172 488 1
172 265 1
172 292 1
172 219 1
172 307 1
172 413 1
172 419 1
172 497 1
172 315 1
172 331 1
172 482 1
172 378 1
172 301 1
173 385 1
173 272 1
173 237 1
173 246 1
173 273 1
173 461 1
173 346 1
173 218 1
173 175 1
173 303 1
174 194 1
174 289 1
174 193 1
174 190 1
174 366 1
174 220 1
174 351 1
174 229 1
174 338 1
174 344 1
174 347 1
174 360 1
174 323 1
174 348 1
174 246 1
174 321 1
174 381 1
175 247 1
175 414 1
175 490 1
175 202 1
175 408 1
175 243 1
175 377 1
175 379 1
175 271 1
175 195 1
175 356 1
175 217 1
175 306 1
175 425 1
176 234 1
176 490 1
176 291 1
176 403 1
176 321 1
176 261 1
176 316 1
176 272 1
176 179 1
176 282 1
176 440 1
176 221 1
176 480 1
176 202 1
176 223 1
177 284 1
177 395 1
177 207 1
177 433 1
177 410 1
177 337 1
177 258 1
177 307 1
177 438 1
177 280 1
177 426 1
177 200 1
177 257 1
177 496 1
178 329 1
178 472 1
178 355 1
178 202 1
178 206 1
178 187 1
178 205 1
178 222 1
178 300 1
179 182 1
179 271 1
179 367 1
179 198 1
179 260 1
179 183 1
179 474 1
179 223 1
180 424 1
180 370 1
180 230 1
180 204 1
180 293 1
180 302 1
180 409 1
180 229 1
180 484 1
181 303 1
181 457 1
181 377 1
181 454 1
181 294 1
181 295 1
182 425 1
182 274 1
182 418 1
182 302 1
182 352 1
182 481 1
182 398 1
182 284 1
182 313 1
182 257 1
183 388 1
183 375 1
183 281 1
183 474 1
183 429 1
183 395 1
183 231 1
183 314 1
183 185 1
183 290 1
183 421 1
183 481 1
183 445 1
183 363 1
183 360 1
184 267 1
184 203 1
184 242 1
184 227 1
184 485 1
184 339 1
184 259 1
184 258 1
184 247 1
185 480 1
185 332 1
185 277 1
185 315 1
185 365 1
185 372 1
185 276 1
185 335 1
185 412 1
185 433 1
185 328 1
185 368 1
186 286 1
186 227 1
186 410 1
186 331 1
186 303 1
186 281 1
186 232 1
186 470 1
186 356 1
186 330 1
186 352 1
186 444 1
186 289 1
186 318 1
187 373 1
187 452 1
187 483 1
187 394 1
187 415 1
187 338 1
187 446 1
187 346 1
187 363 1
187 214 1
188 245 1
188 235 1
188 411 1
188 330 1
188 308 1
188 372 1
188 326 1
188 302 1
188 410 1
189 469 1
189 418 1
189 376 1
189 415 1
189 372 1
189 397 1
189 467 1
189 328 1
189 226 1
189 307 1
189 329 1
189 263 1
190 379 1
190 318 1
190 284 1
190 391 1
190 481 1
190 404 1
190 371 1
191 222 1
191 474 1
191 227 1
191 231 1
191 262 1
191 400 1
191 403 1
191 347 1
191 204 1
191 307 1
191 442 1
191 450 1
191 340 1
191 221 1
191 444 1
191 483 1
191 346 1
191 249 1
191 486 1
192 255 1
192 327 1
192 416 1
192 213 1
192 292 1
192 322 1
192 208 1
192 433 1
192 400 1
192 363 1
192 294 1
192 486 1
192 337 1
193 465 1
193 452 1
193 479 1
193 394 1
193 411 1
193 345 1
193 328 1
193 200 1
193 390 1
193 329 1
193 464 1
193 427 1
193 214 1
194 495 1
194 208 1
194 373 1
194 448 1
194 481 1
194 445 1
194 468 1
194 251 1
194 499 1
194 492 1
194 224 1
194 342 1
194 366 1
195 399 1
195 422 1
195 474 1
195 335 1
195 326 1
195 205 1
195 347 1
195 443 1
195 300 1
195 395 1
196 340 1
196 327 1
196 373 1
196 200 1
196 477 1
196 465 1
196 359 1
196 426 1
196 413 1
196 395 1
196 276 1
196 447 1
196 345 1
196 396 1
196 349 1
196 203 1
196 244 1
196 492 1
196 326 1
197 385 1
197 444 1
197 415 1
197 243 1
197 421 1
197 252 1
197 228 1
197 221 1
197 313 1
197 430 1
197 407 1
197 275 1
197 347 1
198 450 1
198 299 1
198 448 1
198 480 1
198 373 1
198 385 1
198 340 1
198 270 1
198 280 1
198 334 1
198 376 1
198 291 1
199 445 1
199 237 1
199 358 1
199 329 1
199 461 1
200 471 1
200 417 1
200 352 1
200 229 1
200 339 1
200 311 1
200 273 1
200 208 1
200 453 1
200 416 1
200 403 1
200 467 1
200 290 1
200 481 1
200 347 1
200 325 1
201 288 1
201 406 1
201 327 1
201 485 1
201 363 1
201 269 1
201 344 1
201 299 1
201 385 1
201 290 1
201 453 1
202 253 1
202 371 1
202 290 1
202 424 1
202 376 1
202 296 1
202 437 1
202 298 1
203 237 1
203 335 1
203 465 1
203 262 1
203 287 1
203 431 1
203 448 1
203 257 1
203 467 1
203 341 1
203 264 1
204 350 1
204 341 1
204 357 1
204 407 1
204 417 1
204 223 1
204 338 1
204 466 1
204 229 1
204 412 1
204 405 1
204 497 1
204 299 1
204 414 1
204 263 1
205 226 1
205 492 1
205 318 1
205 305 1
205 411 1
205 319 1
205 259 1
205 362 1
205 389 1
206 396 1
206 442 1
206 304 1
206 213 1
206 469 1
206 341 1
206 214 1
206 302 1
206 322 1
206 445 1
206 468 1
206 285 1
206 427 1
206 460 1
206 303 1
206 264 1
206 376 1
206 398 1
206 340 1
206 344 1
207 289 1
207 403 1
207 214 1
207 458 1
207 329 1
207 246 1
207 432 1
207 448 1
207 315 1
208 342 1
208 355 1
208 362 1
208 242 1
208 214 1
208 305 1
208 240 1
208 269 1
208 295 1
208 227 1
208 498 1
208 329 1
208 292 1
208 259 1
209 419 1
209 376 1
209 231 1
209 489 1
209 311 1
209 338 1
209 302 1
209 233 1
209 354 1
209 293 1
209 320 1
209 448 1
209 408 1
209 389 1
209 435 1
210 316 1
210 231 1
210 362 1
210 225 1
210 499 1
210 238 1
210 332 1
210 387 1
210 442 1
211 469 1
211 437 1
211 394 1
211 386 1
211 322 1
211 318 1
211 306 1
211 380 1
212 236 1
212 396 1
212 426 1
212 423 1
212 258 1
212 454 1
212 485 1
212 500 1
212 490 1
212 220 1
213 406 1
213 416 1
213 439 1
213 494 1
213 361 1
213 215 1
213 422 1
213 415 1
213 462 1
213 274 1
213 317 1
213 224 1
213 451 1
213 458 1
214 477 1
214 337 1
214 350 1
214 499 1
214 294 1
214 369 1
214 218 1
214 319 1
214 329 1
214 494 1
214 277 1
214 360 1
214 296 1
214 496 1
214 419 1
215 224 1
215 366 1
215 500 1
215 401 1
215 310 1
215 285 1
215 255 1
215 419 1
215 379 1
215 254 1
215 266 1
215 332 1
215 375 1
215 393 1
215 303 1
215 259 1
216 466 1
216 337 1
216 450 1
216 385 1
216 324 1
216 292 1
216 339 1
216 361 1
217 472 1
217 225 1
217 399 1
217 333 1
217 394 1
217 323 1
217 287 1
217 428 1
217 455 1
217 493 1
217 387 1
218 386 1
218 226 1
218 442 1
218 312 1
218 466 1
218 483 1
218 278 1
218 363 1
218 485 1
218 232 1
219 477 1
219 429 1
219 459 1
219 422 1
219 392 1
219 388 1
219 336 1
219 491 1
219 298 1
220 479 1
220 437 1
220 223 1
220 456 1
220 481 1
220 335 1
220 275 1
220 430 1
220 350 1
220 455 1
221 336 1
221 294 1
221 482 1
221 272 1
222 497 1
222 321 1
222 226 1
222 314 1
222 294 1
222 243 1
222 245 1
223 488 1
223 281 1
223 374 1
223 346 1
223 409 1
223 489 1
223 236 1
223 399 1
223 440 1
223 309 1
223 284 1
223 403 1
224 276 1
224 236 1
224 289 1
224 253 1
224 415 1
224 443 1
224 238 1
224 330 1
224 275 1
224 303 1
224 328 1
224 476 1
225 473 1
225 380 1
225 283 1
225 411 1
225 469 1
225 257 1
225 316 1
225 371 1
225 399 1
225 428 1
225 483 1
225 296 1
225 236 1
225 450 1
225 447 1
226 266 1
226 453 1
226 345 1
226 370 1
226 447 1
226 297 1
226 463 1
226 365 1
226 467 1
226 338 1
226 494 1
226 305 1
227 384 1
227 297 1
227 412 1
227 254 1
227 248 1
227 318 1
227 401 1
227 278 1
227 353 1
227 447 1
227 452 1
228 318 1
228 362 1
228 450 1
228 473 1
228 485 1
228 347 1
228 334 1
228 321 1
228 461 1
228 380 1
228 279 1
228 384 1
228 448 1
229 293 1
229 374 1
229 265 1
229 361 1
229 419 1
229 469 1
229 447 1
229 471 1
229 278 1
229 393 1
230 360 1
230 332 1
230 251 1
230 291 1
230 323 1
230 335 1
230 243 1
230 253 1
231 386 1
231 463 1
231 316 1
231 437 1
231 445 1
231 336 1
231 385 1
231 459 1
231 252 1
231 482 1
232 292 1
232 345 1
232 433 1
232 432 1
232 320 1
232 436 1
232 465 1
232 308 1
232 289 1
232 354 1
232 300 1
232 404 1
233 456 1
233 317 1
233 443 1
233 398 1
233 249 1
233 425 1
233 424 1
233 270 1
233 301 1
233 435 1
233 252 1
233 477 1
233 468 1
233 246 1
233 345 1
234 283 1
234 439 1
234 498 1
234 306 1
234 450 1
234 295 1
234 413 1
234 287 1
234 360 1
234 344 1
234 262 1
234 456 1
234 318 1
235 262 1
235 289 1
235 449 1
235 495 1
235 442 1
235 419 1
235 339 1
235 423 1
235 411 1
235 358 1
236 245 1
236 496 1
236 353 1
236 268 1
236 256 1
236 247 1
236 478 1
236 394 1
236 364 1
237 480 1
237 241 1
237 343 1
237 412 1
237 370 1
238 448 1
238 256 1
238 294 1
238 362 1
238 436 1
238 288 1
238 449 1
238 481 1
238 402 1
238 378 1
239 472 1
239 266 1
239 380 1
239 417 1
239 396 1
239 258 1
239 448 1
239 362 1
239 295 1
239 465 1
239 315 1
239 346 1
239 283 1
239 428 1
239 305 1
239 375 1
239 269 1
239 347 1
240 291 1
240 313 1
240 253 1
240 242 1
240 354 1
241 362 1
241 379 1
241 354 1
241 331 1
241 283 1
241 452 1
241 319 1
241 458 1
242 493 1
242 329 1
242 365 1
242 400 1
242 254 1
242 351 1
243 497 1
243 396 1
243 346 1
243 478 1
243 277 1
243 491 1
243 291 1
243 423 1
243 275 1
243 361 1
243 341 1
243 320 1
243 427 1
243 453 1
244 425 1
244 497 1
244 273 1
244 248 1
244 339 1
244 387 1
244 392 1
244 410 1
244 415 1
244 320 1
244 462 1
245 330 1
245 344 1
245 368 1
245 452 1
245 378 1
246 497 1
246 266 1
246 419 1
246 427 1
246 461 1
246 390 1
246 464 1
246 498 1
246 286 1
246 403 1
246 479 1
247 318 1
247 279 1
247 381 1
247 373 1
247 495 1
247 257 1
247 462 1
247 477 1
247 295 1
247 348 1
247 450 1
247 492 1
247 500 1
247 471 1
248 295 1
248 493 1
248 398 1
248 328 1
248 421 1
248 445 1
248 296 1
248 268 1
249 442 1
249 473 1
249 291 1
249 456 1
249 497 1
249 290 1
249 382 1
249 374 1
249 441 1
249 408 1
249 260 1
249 423 1
249 317 1
250 281 1
250 407 1
250 456 1
250 294 1
250 469 1
250 327 1
250 353 1
250 464 1
250 291 1
250 284 1
250 261 1
250 275 1
250 397 1
250 359 1
250 370 1
250 473 1
250 279 1
250 398 1
251 432 1
251 328 1
251 412 1
251 415 1
251 416 1
251 438 1
251 421 1
252 439 1
252 395 1
252 421 1
252 392 1
252 493 1
252 338 1
253 391 1
253 300 1
253 398 1
253 370 1
253 411 1
253 449 1
253 278 1
253 420 1
254 265 1
254 464 1
254 278 1
254 269 1
254 433 1
254 413 1
254 379 1
254 437 1
254 468 1
254 475 1
254 436 1
255 273 1
255 309 1
255 482 1
255 468 1
255 375 1
255 337 1
255 472 1
255 377 1
255 454 1
255 457 1
256 410 1
256 388 1
256 406 1
256 373 1
256 331 1
256 486 1
256 281 1
256 310 1
257 398 1
257 332 1
257 458 1
257 481 1
257 349 1
257 304 1
257 488 1
258 494 1
258 410 1
258 347 1
258 499 1
258 426 1
258 459 1
258 462 1
258 399 1
259 443 1
259 329 1
259 276 1
259 399 1
260 378 1
260 329 1
260 362 1
260 402 1
260 364 1
260 276 1
260 471 1
260 397 1
261 434 1
261 406 1
261 453 1
261 391 1
261 293 1
261 279 1
261 432 1
261 452 1
261 271 1
261 358 1
262 445 1
262 390 1
262 304 1
262 322 1
262 458 1
262 287 1
262 382 1
262 379 1
263 319 1
263 448 1
263 310 1
263 467 1
263 456 1
264 408 1
264 296 1
264 428 1
264 402 1
264 364 1
264 310 1
264 281 1
264 467 1
264 407 1
264 483 1
264 320 1
265 482 1
265 442 1
265 350 1
265 314 1
265 438 1
265 410 1
265 361 1
265 289 1
265 421 1
265 354 1
265 422 1
265 302 1
265 366 1
266 459 1
266 267 1
266 473 1
266 331 1
266 351 1
267 299 1
267 349 1
267 462 1
267 364 1
267 431 1
267 389 1
267 493 1
267 298 1
267 370 1
268 328 1
268 478 1
268 313 1
268 468 1
268 480 1
268 424 1
268 446 1
268 308 1
268 483 1
268 311 1
269 278 1
269 432 1
269 288 1
269 387 1
269 416 1
269 451 1
269 296 1
270 294 1
270 391 1
270 475 1
270 449 1
270 435 1
270 429 1
271 304 1
271 481 1
271 346 1
271 295 1
271 287 1
271 371 1
271 482 1
271 323 1
271 454 1
271 466 1
271 343 1
271 492 1
272 458 1
272 294 1
272 382 1
272 378 1
272 476 1
272 456 1
273 422 1
273 490 1
273 365 1
273 328 1
273 340 1
273 345 1
273 329 1
273 326 1
273 409 1
273 378 1
274 319 1
274 428 1
274 408 1
274 288 1
274 486 1
274 351 1
274 345 1
275 486 1
275 296 1
275 390 1
275 406 1
275 382 1
275 451 1
275 494 1
275 393 1
276 418 1
276 347 1
276 294 1
276 311 1
277 291 1
277 367 1
277 500 1
277 374 1
277 462 1
277 301 1
277 392 1
277 467 1
277 300 1
277 361 1
278 457 1
278 400 1
278 291 1
278 356 1
278 478 1
278 486 1
278 300 1
278 299 1
278 480 1
279 455 1
279 370 1
279 356 1
279 326 1
279 287 1
279 433 1
279 451 1
279 484 1
279 353 1
280 399 1
280 398 1
280 316 1
280 486 1
280 322 1
280 308 1
281 383 1
281 417 1
281 306 1
281 371 1
281 323 1
282 322 1
282 433 1
282 499 1
282 309 1
282 348 1
282 485 1
282 388 1
282 491 1
282 423 1
283 327 1
283 468 1
283 397 1
283 438 1
283 307 1
283 305 1
283 371 1
283 375 1
284 287 1
284 368 1
284 375 1
284 499 1
284 402 1
284 471 1
284 448 1
284 446 1
284 314 1
285 345 1
285 310 1
285 363 1
285 420 1
285 292 1
285 431 1
285 334 1
285 497 1
285 415 1
286 484 1
286 311 1
286 358 1
286 370 1
286 398 1
286 324 1
286 385 1
286 410 1
287 316 1
287 383 1
287 395 1
287 325 1
287 448 1
287 480 1
287 492 1
287 498 1
287 470 1
287 305 1
287 363 1
287 297 1
287 437 1
288 301 1
288 304 1
288 472 1
288 462 1
289 372 1
289 291 1
289 448 1
289 319 1
289 362 1
289 388 1
290 463 1
290 443 1
290 479 1
290 391 1
290 365 1
290 327 1
290 451 1
290 346 1
290 301 1
290 300 1
290 481 1
290 424 1
290 474 1
291 484 1
291 485 1
291 430 1
291 318 1
291 408 1
291 441 1
291 407 1
291 375 1
291 386 1
291 491 1
292 328 1
292 403 1
292 462 1
292 410 1
292 368 1
292 418 1
292 415 1
292 370 1
292 341 1
292 422 1
293 296 1
293 310 1
293 440 1
293 298 1
293 407 1
293 324 1
294 307 1
294 316 1
294 374 1
294 327 1
294 437 1
294 303 1
294 408 1
294 387 1
294 358 1
294 357 1
294 375 1
295 446 1
295 426 1
295 449 1
295 466 1
295 468 1
295 367 1
295 407 1
295 496 1
295 380 1
295 477 1
295 371 1
295 441 1
295 360 1
295 341 1
295 443 1
296 435 1
296 432 1
296 408 1
296 360 1
296 430 1
297 434 1
297 444 1
297 472 1
297 395 1
297 319 1
297 327 1
297 314 1
297 398 1
297 306 1
297 316 1
297 439 1
298 391 1
298 430 1
298 325 1
298 489 1
298 332 1
298 475 1
299 408 1
299 352 1
299 359 1
299 385 1
299 434 1
299 410 1
299 436 1
299 462 1
299 392 1
299 496 1
299 473 1
300 327 1
300 377 1
300 373 1
300 395 1
300 325 1
300 429 1
300 302 1
300 497 1
300 434 1
300 399 1
300 368 1
300 500 1
300 425 1
300 390 1
300 316 1
300 419 1
301 432 1
301 318 1
301 456 1
301 338 1
301 386 1
301 321 1
302 386 1
302 382 1
302 449 1
302 398 1
302 365 1
302 468 1
302 368 1
302 322 1
302 340 1
302 423 1
303 331 1
303 433 1
303 324 1
303 383 1
304 362 1
304 379 1
304 361 1
304 348 1
304 332 1
304 317 1
305 404 1
305 332 1
305 381 1
305 434 1
305 347 1
305 392 1
305 457 1
305 382 1
305 373 1
306 485 1
306 490 1
306 328 1
306 354 1
306 428 1
306 442 1
306 380 1
306 334 1
306 307 1
306 365 1
306 381 1
306 453 1
306 423 1
306 483 1
306 324 1
306 468 1
307 317 1
307 388 1
307 392 1
307 377 1
307 472 1
307 457 1
307 348 1
307 481 1
307 440 1
307 446 1
307 395 1
308 343 1
308 384 1
308 412 1
308 321 1
308 403 1
308 330 1
309 333 1
309 366 1
309 458 1
309 338 1
309 396 1
309 310 1
310 353 1
310 341 1
310 482 1
310 342 1
310 361 1
310 328 1
310 486 1
310 387 1
310 431 1
311 478 1
311 467 1
311 315 1
311 320 1
311 499 1
311 470 1
311 424 1
311 380 1
311 333 1
311 364 1
312 500 1
312 349 1
312 422 1
312 415 1
312 344 1
312 375 1
312 387 1
312 444 1
312 333 1
312 392 1
312 468 1
313 406 1
313 404 1
313 354 1
313 335 1
313 433 1
313 444 1
314 432 1
314 379 1
314 351 1
314 344 1
314 439 1
314 430 1
314 321 1
314 343 1
315 472 1
315 369 1
315 476 1
315 448 1
315 435 1
315 422 1
315 431 1
315 460 1
315 321 1
316 488 1
316 466 1
316 437 1
316 409 1
316 318 1
316 385 1
316 414 1
316 428 1
316 380 1
317 362 1
317 469 1
317 500 1
317 420 1
317 433 1
317 402 1
317 396 1
317 412 1
317 341 1
318 370 1
318 443 1
318 382 1
318 435 1
318 347 1
318 440 1
318 329 1
318 372 1
318 433 1
318 360 1
318 487 1
319 377 1
319 457 1
319 438 1
319 338 1
320 365 1
320 327 1
320 457 1
320 399 1
320 441 1
321 334 1
321 409 1
321 333 1
321 348 1
321 470 1
322 473 1
322 490 1
322 403 1
322 489 1
322 358 1
322 362 1
323 432 1
323 463 1
323 381 1
323 421 1
323 498 1
324 468 1
324 428 1
324 345 1
325 343 1
325 361 1
325 354 1
325 452 1
325 442 1
325 447 1
326 335 1
326 414 1
326 399 1
326 495 1
326 379 1
326 410 1
326 344 1
326 327 1
326 423 1
326 360 1
326 474 1
326 397 1
327 447 1
327 366 1
327 370 1
327 469 1
327 455 1
327 363 1
327 379 1
327 465 1
327 353 1
327 468 1
327 406 1
328 387 1
328 450 1
328 413 1
328 442 1
328 417 1
328 356 1
328 340 1
329 351 1
329 356 1
329 346 1
329 464 1
329 434 1
329 441 1
329 496 1
329 419 1
330 463 1
330 496 1
330 424 1
330 440 1
330 436 1
331 398 1
331 474 1
331 468 1
331 452 1
331 477 1
332 464 1
332 350 1
332 424 1
332 461 1
332 381 1
332 347 1
333 456 1
333 344 1
333 426 1
333 491 1
333 354 1
333 431 1
333 438 1
333 395 1
333 365 1
334 434 1
334 491 1
334 404 1
334 380 1
335 370 1
335 369 1
335 368 1
335 404 1
335 371 1
335 336 1
336 384 1
336 375 1
336 426 1
336 441 1
336 358 1
336 491 1
336 497 1
336 363 1
337 420 1
337 453 1
337 447 1
337 377 1
337 406 1
337 468 1
337 388 1
337 459 1
337 452 1
338 397 1
338 488 1
338 419 1
338 361 1
338 405 1
338 430 1
338 340 1
338 479 1
339 384 1
339 341 1
339 351 1
340 417 1
340 482 1
340 433 1
340 407 1
340 447 1
340 385 1
340 460 1
340 416 1
341 410 1
341 455 1
341 407 1
341 485 1
341 435 1
342 359 1
342 419 1
342 464 1
342 372 1
342 491 1
342 344 1
342 456 1
342 347 1
343 413 1
343 358 1
343 483 1
343 472 1
343 418 1
343 432 1
343 351 1
343 395 1
343 411 1
343 385 1
343 481 1
344 452 1
344 374 1
344 375 1
344 477 1
344 386 1
344 361 1
344 390 1
344 438 1
345 455 1
345 437 1
345 433 1
345 412 1
346 476 1
346 396 1
346 489 1
347 355 1
347 418 1
347 390 1
347 491 1
347 482 1
347 413 1
348 476 1
348 371 1
348 492 1
348 355 1
348 491 1
348 365 1
349 464 1
350 426 1
350 416 1
350 477 1
350 449 1
350 374 1
350 366 1
351 413 1
351 447 1
351 446 1
351 470 1
352 437 1
352 494 1
352 498 1
352 422 1
352 392 1
353 493 1
353 377 1
353 452 1
353 442 1
353 360 1
353 386 1
353 381 1
353 497 1
353 470 1
353 356 1
353 463 1
353 409 1
353 419 1
353 368 1
354 411 1
354 373 1
354 425 1
354 488 1
354 491 1
355 405 1
355 365 1
355 414 1
356 450 1
356 489 1
356 397 1
356 421 1
356 440 1
356 406 1
357 479 1
357 495 1
357 467 1
358 396 1
358 393 1
358 375 1
358 399 1
358 418 1
359 410 1
359 495 1
359 385 1
359 447 1
359 384 1
359 478 1
359 469 1
359 402 1
359 415 1
360 448 1
360 484 1
360 392 1
360 382 1
361 472 1
361 381 1
361 458 1
362 426 1
362 459 1
362 368 1
362 438 1
363 423 1
363 443 1
363 407 1
363 364 1
363 435 1
364 475 1
364 421 1
364 483 1
364 380 1
364 393 1
364 488 1
365 383 1
365 455 1
365 367 1
365 449 1
365 398 1
365 497 1
366 454 1
366 426 1
366 416 1
366 431 1
366 490 1
367 444 1
367 378 1
367 423 1
368 394 1
368 446 1
368 443 1
368 490 1
368 487 1
368 427 1
368 497 1
368 458 1
368 414 1
368 488 1
369 403 1
369 484 1
369 491 1
369 490 1
369 435 1
369 497 1
370 438 1
370 456 1
370 429 1
370 465 1
370 435 1
371 463 1
371 434 1
371 488 1
371 416 1
371 457 1
371 408 1
371 373 1
371 443 1
371 493 1
372 500 1
372 489 1
372 483 1
372 456 1
372 434 1
373 496 1
373 456 1
373 401 1
373 413 1
373 480 1
373 442 1
373 460 1
374 413 1
374 487 1
375 500 1
375 446 1
375 398 1
375 484 1
375 440 1
375 400 1
375 450 1
375 422 1
375 412 1
376 452 1
376 440 1
376 458 1
376 494 1
376 468 1
376 497 1
376 490 1
376 434 1
376 437 1
377 482 1
377 472 1
377 378 1
377 395 1
377 416 1
377 448 1
378 471 1
378 426 1
378 443 1
378 405 1
378 453 1
378 455 1
378 439 1
378 416 1
379 436 1
379 493 1
379 429 1
379 409 1
379 473 1
379 447 1
380 497 1
380 436 1
381 447 1
381 498 1
381 490 1
381 437 1
381 464 1
381 481 1
381 453 1
382 417 1
382 442 1
382 387 1
383 418 1
383 447 1
383 498 1
383 430 1
383 387 1
383 500 1
383 415 1
383 453 1
384 403 1
384 480 1
384 423 1
384 454 1
384 446 1
384 419 1
385 461 1
385 399 1
385 430 1
386 467 1
386 394 1
386 460 1
386 486 1
386 485 1
386 393 1
387 455 1
387 428 1
387 425 1
387 431 1
387 423 1
387 413 1
388 453 1
388 457 1
388 478 1
388 485 1
388 418 1
388 497 1
389 443 1
389 474 1
389 399 1
389 500 1
389 393 1
390 468 1
390 416 1
391 441 1
392 484 1
392 441 1
393 406 1
393 394 1
393 468 1
393 498 1
393 441 1
393 486 1
393 405 1
394 418 1
394 424 1
395 403 1
396 471 1
397 400 1
397 447 1
397 441 1
397 415 1
397 405 1
398 452 1
398 412 1
398 431 1
398 471 1
399 451 1
399 497 1
399 410 1
399 452 1
399 424 1
399 416 1
399 441 1
399 434 1
400 422 1
400 408 1
400 419 1
401 472 1
401 420 1
401 473 1
402 454 1
402 406 1
402 484 1
402 403 1
402 417 1
402 497 1
402 491 1
403 431 1
403 497 1
403 448 1
403 418 1
404 446 1
404 450 1
404 423 1
404 434 1
404 468 1
404 448 1
404 471 1
404 461 1
405 464 1
405 486 1
405 425 1
405 419 1
405 437 1
406 452 1
406 411 1
406 409 1
407 480 1
407 469 1
407 496 1
407 490 1
407 437 1
408 472 1
408 428 1
409 454 1
409 494 1
409 479 1
409 497 1
410 454 1
410 477 1
410 441 1
410 420 1
411 486 1
411 448 1
411 429 1
412 482 1
413 462 1
413 442 1
413 436 1
413 433 1
413 489 1
414 475 1
414 471 1
414 472 1
415 420 1
415 442 1
416 463 1
416 440 1
416 454 1
417 464 1
417 419 1
418 464 1
418 446 1
418 492 1
418 469 1
419 465 1
419 430 1
420 467 1
421 489 1
421 433 1
421 450 1
421 465 1
422 432 1
422 450 1
422 442 1
423 444 1
423 424 1
423 488 1
423 470 1
424 460 1
424 435 1
424 483 1
425 497 1
425 494 1
425 493 1
426 488 1
426 455 1
426 475 1
426 437 1
426 464 1
426 489 1
427 442 1
427 466 1
428 494 1
428 441 1
428 489 1
429 459 1
430 441 1
431 472 1
431 445 1
431 482 1
431 441 1
432 442 1
432 462 1
432 446 1
432 451 1
432 439 1
433 469 1
434 466 1
435 488 1
435 478 1
437 473 1
437 458 1
437 485 1
437 471 1
437 478 1
438 467 1
438 456 1
439 498 1
439 470 1
439 445 1
440 493 1
440 448 1
440 471 1
440 497 1
440 456 1
442 485 1
442 487 1
442 463 1
443 460 1
443 488 1
443 491 1
444 500 1
444 473 1
445 465 1
445 498 1
445 463 1
447 497 1
448 487 1
449 493 1
450 487 1
451 463 1
451 499 1
451 470 1
451 461 1
451 475 1
453 499 1
453 458 1
454 467 1
454 473 1
454 496 1
456 492 1
456 461 1
456 494 1
457 500 1
458 470 1
460 498 1
461 496 1
463 500 1
465 486 1
465 483 1
465 500 1
466 485 1
467 486 1
468 481 1
468 474 1
469 497 1
469 473 1
470 491 1
470 496 1
472 496 1
472 473 1
473 488 1
481 490 1
481 488 1
484 500 1
487 493 1
488 491 1
491 500 1
491 499 1
496 498 1
